#0	1	2	3	4	5	6	7	8
#0_FRB	B16_OFF	L17_GRB	F22_OFF	TYPEIA	S20_SN	SLS_S20	Ca-rich	F13_OFF
0.8	0.075	0.1	55.19	6.88	0.48	0.314	10.84	44.48
10.2	0.099	0.14	3.76	18.92	0.021	0.48	4.54	3.71
5.4	0.115	0.17	2.74	4.37	0.048	0.655	1.71	2.69
3.4	0.184	0.34	29.08	8.64	0.06	0.686	2.5	35.7
2.3	0.185	0.44	2.08	2.46	0.075	0.802	19.08	1.92
6.5	0.26	0.47	0.97	2.45	0.081	0.814	4.54	0.96
11.7	0.275	0.53	2.6	13.38	0.093	0.814	8.56	2.86
1.6	0.284	0.59	0.7	4.32	0.104	0.847	1.34	1.44
2.7	0.327	0.66	1.39	6.67	0.109	0.881	6.27	32.47
11.1	0.368	0.74	6	4.85	0.112	0.948	2.82	3.22
5.7	0.435	0.77	3.25	0.35	0.115	1.006	11.16	12.21
1.7	0.449	0.79	12.33	8.35	0.123	1.091	0.61	5.46
5.9	0.564	0.82	5.52	3.99	0.129	1.148	4.79	35.58
20.1	0.616	0.91	34.11	13.61	0.134	1.242	17.56	14.18
1.3	0.638	0.93	14.74	17.61	0.146	1.306	15.46	7.24
27.2	0.682	1.01	7.31	8.5	0.151	1.312	8.73	17.92
999	0.7	1.02	3.49	3.21	0.165	1.367	10.06	3.46
999	0.739	1.12	10.51	13.51	0.165	1.383	7.96	0.45
999	0.749	1.21	76.19	0.43	0.174	1.429	26.7	10.37
999	0.753	1.26	4.22	3.33	0.183	1.481	6.35	75.03
999	0.76	1.76	1.35	5.71	0.189	1.528	0.73	94.07
999	0.8	2.01	5.4	27.76	0.202	1.557	2.52	1.32
999	0.801	2.09	3.9	0.85	0.218	1.617	10.69	5.41
999	0.812	2.11	0.8	2.29	0.227	1.649	999	999
999	0.82	2.27	7.36	3.17	0.236	1.742	999	999
999	0.827	3.33	3.41	3.11	0.246	1.864	999	999
999	0.86	3.47	15.31	3.96	0.253	1.905	999	999
999	0.953	3.48	9.63	10.3	0.263	1.908	999	999
999	0.992	4.76	15.74	18.75	0.266	1.95	999	999
999	1.069	4.94	2.125	7.82	0.267	2.194	999	999
999	1.081	6.72	0.93	11.86	0.27	2.309	999	999
999	1.263	999	0.79	3.29	0.274	2.38	999	999
999	1.283	999	7.92	2.2	0.284	2.647	999	999
999	1.304	999	999	9.49	0.286	2.709	999	999
999	1.335	999	999	3.36	0.287	2.719	999	999
999	1.423	999	999	9.94	0.288	2.771	999	999
999	1.451	999	999	4.71	0.292	2.9	999	999
999	1.533	999	999	15.22	0.292	3.5	999	999
999	1.579	999	999	0.71	0.306	3.54	999	999
999	1.645	999	999	13.19	0.314	3.637	999	999
999	1.697	999	999	15.49	0.319	3.739	999	999
999	1.743	999	999	6.19	0.342	4.646	999	999
999	2.021	999	999	1.91	0.351	5.081	999	999
999	2.023	999	999	4.47	0.354	5.828	999	999
999	2.042	999	999	5.1	0.354	7.162	999	999
999	2.073	999	999	5.06	0.365	7.207	999	999
999	2.112	999	999	1.91	0.365	9.351	999	999
999	2.149	999	999	7.08	0.383	13.894	999	999
999	2.197	999	999	8.19	0.388	19.995	999	999
999	2.283	999	999	0.08	0.395	999	999	999
999	2.393	999	999	5.09	0.401	999	999	999
999	2.46	999	999	5.25	0.405	999	999	999
999	2.536	999	999	15.98	0.418	999	999	999
999	2.594	999	999	1.05	0.421	999	999	999
999	3.195	999	999	5.08	0.445	999	999	999
999	3.419	999	999	0.9	0.445	999	999	999
999	3.53	999	999	9.28	0.45	999	999	999
999	3.577	999	999	13.88	0.461	999	999	999
999	3.597	999	999	5.35	0.481	999	999	999
999	3.944	999	999	1.37	0.485	999	999	999
999	3.966	999	999	8.23	0.491	999	999	999
999	4.402	999	999	1.92	0.492	999	999	999
999	4.709	999	999	4.56	0.494	999	999	999
999	5.155	999	999	20.9	0.506	999	999	999
999	5.229	999	999	6.81	0.519	999	999	999
999	5.89	999	999	6.34	0.527	999	999	999
999	6.402	999	999	4.01	0.53	999	999	999
999	7.16	999	999	2.4	0.539	999	999	999
999	7.177	999	999	4.11	0.556	999	999	999
999	13.902	999	999	19.54	0.564	999	999	999
999	14.437	999	999	1.7	0.564	999	999	999
999	999	999	999	9.49	0.568	999	999	999
999	999	999	999	3.09	0.577	999	999	999
999	999	999	999	2.46	0.581	999	999	999
999	999	999	999	4.23	0.581	999	999	999
999	999	999	999	3.25	0.582	999	999	999
999	999	999	999	5.9	0.586	999	999	999
999	999	999	999	0.93	0.589	999	999	999
999	999	999	999	8.59	0.589	999	999	999
999	999	999	999	5.06	0.59	999	999	999
999	999	999	999	7.98	0.597	999	999	999
999	999	999	999	0.99	0.603	999	999	999
999	999	999	999	1.77	0.606	999	999	999
999	999	999	999	0.84	0.615	999	999	999
999	999	999	999	2.36	0.625	999	999	999
999	999	999	999	6.15	0.629	999	999	999
999	999	999	999	2.15	0.629	999	999	999
999	999	999	999	0.76	0.631	999	999	999
999	999	999	999	2.7	0.64	999	999	999
999	999	999	999	11.59	0.655	999	999	999
999	999	999	999	22.91	0.665	999	999	999
999	999	999	999	16.76	0.665	999	999	999
999	999	999	999	17.8	0.665	999	999	999
999	999	999	999	11.84	0.68	999	999	999
999	999	999	999	15.53	0.681	999	999	999
999	999	999	999	39.27	0.686	999	999	999
999	999	999	999	9.94	0.69	999	999	999
999	999	999	999	2.24	0.7	999	999	999
999	999	999	999	5.39	0.707	999	999	999
999	999	999	999	4	0.73	999	999	999
999	999	999	999	10.06	0.739	999	999	999
999	999	999	999	8.3	0.742	999	999	999
999	999	999	999	5.44	0.759	999	999	999
999	999	999	999	12.79	0.767	999	999	999
999	999	999	999	29.32	0.767	999	999	999
999	999	999	999	8	0.77	999	999	999
999	999	999	999	20.36	0.772	999	999	999
999	999	999	999	4.71	0.778	999	999	999
999	999	999	999	3.08	0.793	999	999	999
999	999	999	999	6.65	0.795	999	999	999
999	999	999	999	5.8	0.797	999	999	999
999	999	999	999	1.16	0.799	999	999	999
999	999	999	999	5.09	0.799	999	999	999
999	999	999	999	999	0.8	999	999	999
999	999	999	999	999	0.801	999	999	999
999	999	999	999	999	0.802	999	999	999
999	999	999	999	999	0.812	999	999	999
999	999	999	999	999	0.814	999	999	999
999	999	999	999	999	0.814	999	999	999
999	999	999	999	999	0.82	999	999	999
999	999	999	999	999	0.822	999	999	999
999	999	999	999	999	0.829	999	999	999
999	999	999	999	999	0.843	999	999	999
999	999	999	999	999	0.846	999	999	999
999	999	999	999	999	0.847	999	999	999
999	999	999	999	999	0.855	999	999	999
999	999	999	999	999	0.861	999	999	999
999	999	999	999	999	0.864	999	999	999
999	999	999	999	999	0.864	999	999	999
999	999	999	999	999	0.866	999	999	999
999	999	999	999	999	0.88	999	999	999
999	999	999	999	999	0.881	999	999	999
999	999	999	999	999	0.902	999	999	999
999	999	999	999	999	0.909	999	999	999
999	999	999	999	999	0.911	999	999	999
999	999	999	999	999	0.912	999	999	999
999	999	999	999	999	0.915	999	999	999
999	999	999	999	999	0.915	999	999	999
999	999	999	999	999	0.923	999	999	999
999	999	999	999	999	0.935	999	999	999
999	999	999	999	999	0.942	999	999	999
999	999	999	999	999	0.948	999	999	999
999	999	999	999	999	0.949	999	999	999
999	999	999	999	999	0.95	999	999	999
999	999	999	999	999	0.951	999	999	999
999	999	999	999	999	0.955	999	999	999
999	999	999	999	999	0.96	999	999	999
999	999	999	999	999	0.963	999	999	999
999	999	999	999	999	0.966	999	999	999
999	999	999	999	999	0.972	999	999	999
999	999	999	999	999	0.981	999	999	999
999	999	999	999	999	0.986	999	999	999
999	999	999	999	999	0.989	999	999	999
999	999	999	999	999	0.993	999	999	999
999	999	999	999	999	0.996	999	999	999
999	999	999	999	999	1.002	999	999	999
999	999	999	999	999	1.006	999	999	999
999	999	999	999	999	1.023	999	999	999
999	999	999	999	999	1.03	999	999	999
999	999	999	999	999	1.04	999	999	999
999	999	999	999	999	1.044	999	999	999
999	999	999	999	999	1.061	999	999	999
999	999	999	999	999	1.069	999	999	999
999	999	999	999	999	1.074	999	999	999
999	999	999	999	999	1.078	999	999	999
999	999	999	999	999	1.079	999	999	999
999	999	999	999	999	1.091	999	999	999
999	999	999	999	999	1.093	999	999	999
999	999	999	999	999	1.098	999	999	999
999	999	999	999	999	1.099	999	999	999
999	999	999	999	999	1.103	999	999	999
999	999	999	999	999	1.107	999	999	999
999	999	999	999	999	1.111	999	999	999
999	999	999	999	999	1.117	999	999	999
999	999	999	999	999	1.13	999	999	999
999	999	999	999	999	1.146	999	999	999
999	999	999	999	999	1.148	999	999	999
999	999	999	999	999	1.149	999	999	999
999	999	999	999	999	1.151	999	999	999
999	999	999	999	999	1.155	999	999	999
999	999	999	999	999	1.164	999	999	999
999	999	999	999	999	1.174	999	999	999
999	999	999	999	999	1.202	999	999	999
999	999	999	999	999	1.223	999	999	999
999	999	999	999	999	1.236	999	999	999
999	999	999	999	999	1.242	999	999	999
999	999	999	999	999	1.243	999	999	999
999	999	999	999	999	1.263	999	999	999
999	999	999	999	999	1.274	999	999	999
999	999	999	999	999	1.281	999	999	999
999	999	999	999	999	1.286	999	999	999
999	999	999	999	999	1.297	999	999	999
999	999	999	999	999	1.3	999	999	999
999	999	999	999	999	1.305	999	999	999
999	999	999	999	999	1.306	999	999	999
999	999	999	999	999	1.312	999	999	999
999	999	999	999	999	1.314	999	999	999
999	999	999	999	999	1.342	999	999	999
999	999	999	999	999	1.367	999	999	999
999	999	999	999	999	1.367	999	999	999
999	999	999	999	999	1.373	999	999	999
999	999	999	999	999	1.373	999	999	999
999	999	999	999	999	1.376	999	999	999
999	999	999	999	999	1.377	999	999	999
999	999	999	999	999	1.38	999	999	999
999	999	999	999	999	1.38	999	999	999
999	999	999	999	999	1.383	999	999	999
999	999	999	999	999	1.398	999	999	999
999	999	999	999	999	1.406	999	999	999
999	999	999	999	999	1.424	999	999	999
999	999	999	999	999	1.425	999	999	999
999	999	999	999	999	1.427	999	999	999
999	999	999	999	999	1.429	999	999	999
999	999	999	999	999	1.429	999	999	999
999	999	999	999	999	1.431	999	999	999
999	999	999	999	999	1.455	999	999	999
999	999	999	999	999	1.475	999	999	999
999	999	999	999	999	1.481	999	999	999
999	999	999	999	999	1.481	999	999	999
999	999	999	999	999	1.498	999	999	999
999	999	999	999	999	1.504	999	999	999
999	999	999	999	999	1.511	999	999	999
999	999	999	999	999	1.514	999	999	999
999	999	999	999	999	1.518	999	999	999
999	999	999	999	999	1.52	999	999	999
999	999	999	999	999	1.52	999	999	999
999	999	999	999	999	1.522	999	999	999
999	999	999	999	999	1.522	999	999	999
999	999	999	999	999	1.522	999	999	999
999	999	999	999	999	1.528	999	999	999
999	999	999	999	999	1.543	999	999	999
999	999	999	999	999	1.557	999	999	999
999	999	999	999	999	1.561	999	999	999
999	999	999	999	999	1.578	999	999	999
999	999	999	999	999	1.579	999	999	999
999	999	999	999	999	1.588	999	999	999
999	999	999	999	999	1.589	999	999	999
999	999	999	999	999	1.592	999	999	999
999	999	999	999	999	1.593	999	999	999
999	999	999	999	999	1.617	999	999	999
999	999	999	999	999	1.619	999	999	999
999	999	999	999	999	1.626	999	999	999
999	999	999	999	999	1.63	999	999	999
999	999	999	999	999	1.634	999	999	999
999	999	999	999	999	1.636	999	999	999
999	999	999	999	999	1.637	999	999	999
999	999	999	999	999	1.644	999	999	999
999	999	999	999	999	1.649	999	999	999
999	999	999	999	999	1.652	999	999	999
999	999	999	999	999	1.657	999	999	999
999	999	999	999	999	1.658	999	999	999
999	999	999	999	999	1.664	999	999	999
999	999	999	999	999	1.67	999	999	999
999	999	999	999	999	1.686	999	999	999
999	999	999	999	999	1.694	999	999	999
999	999	999	999	999	1.697	999	999	999
999	999	999	999	999	1.706	999	999	999
999	999	999	999	999	1.731	999	999	999
999	999	999	999	999	1.735	999	999	999
999	999	999	999	999	1.737	999	999	999
999	999	999	999	999	1.742	999	999	999
999	999	999	999	999	1.754	999	999	999
999	999	999	999	999	1.756	999	999	999
999	999	999	999	999	1.764	999	999	999
999	999	999	999	999	1.769	999	999	999
999	999	999	999	999	1.769	999	999	999
999	999	999	999	999	1.77	999	999	999
999	999	999	999	999	1.771	999	999	999
999	999	999	999	999	1.772	999	999	999
999	999	999	999	999	1.785	999	999	999
999	999	999	999	999	1.791	999	999	999
999	999	999	999	999	1.8	999	999	999
999	999	999	999	999	1.8	999	999	999
999	999	999	999	999	1.808	999	999	999
999	999	999	999	999	1.811	999	999	999
999	999	999	999	999	1.835	999	999	999
999	999	999	999	999	1.837	999	999	999
999	999	999	999	999	1.839	999	999	999
999	999	999	999	999	1.842	999	999	999
999	999	999	999	999	1.848	999	999	999
999	999	999	999	999	1.864	999	999	999
999	999	999	999	999	1.864	999	999	999
999	999	999	999	999	1.879	999	999	999
999	999	999	999	999	1.883	999	999	999
999	999	999	999	999	1.904	999	999	999
999	999	999	999	999	1.905	999	999	999
999	999	999	999	999	1.908	999	999	999
999	999	999	999	999	1.909	999	999	999
999	999	999	999	999	1.912	999	999	999
999	999	999	999	999	1.927	999	999	999
999	999	999	999	999	1.927	999	999	999
999	999	999	999	999	1.936	999	999	999
999	999	999	999	999	1.939	999	999	999
999	999	999	999	999	1.944	999	999	999
999	999	999	999	999	1.948	999	999	999
999	999	999	999	999	1.948	999	999	999
999	999	999	999	999	1.95	999	999	999
999	999	999	999	999	1.951	999	999	999
999	999	999	999	999	1.953	999	999	999
999	999	999	999	999	1.954	999	999	999
999	999	999	999	999	1.964	999	999	999
999	999	999	999	999	1.966	999	999	999
999	999	999	999	999	1.97	999	999	999
999	999	999	999	999	1.982	999	999	999
999	999	999	999	999	2.002	999	999	999
999	999	999	999	999	2.02	999	999	999
999	999	999	999	999	2.027	999	999	999
999	999	999	999	999	2.027	999	999	999
999	999	999	999	999	2.028	999	999	999
999	999	999	999	999	2.032	999	999	999
999	999	999	999	999	2.042	999	999	999
999	999	999	999	999	2.043	999	999	999
999	999	999	999	999	2.093	999	999	999
999	999	999	999	999	2.116	999	999	999
999	999	999	999	999	2.16	999	999	999
999	999	999	999	999	2.179	999	999	999
999	999	999	999	999	2.192	999	999	999
999	999	999	999	999	2.194	999	999	999
999	999	999	999	999	2.212	999	999	999
999	999	999	999	999	2.216	999	999	999
999	999	999	999	999	2.23	999	999	999
999	999	999	999	999	2.234	999	999	999
999	999	999	999	999	2.235	999	999	999
999	999	999	999	999	2.255	999	999	999
999	999	999	999	999	2.258	999	999	999
999	999	999	999	999	2.259	999	999	999
999	999	999	999	999	2.272	999	999	999
999	999	999	999	999	2.284	999	999	999
999	999	999	999	999	2.288	999	999	999
999	999	999	999	999	2.294	999	999	999
999	999	999	999	999	2.307	999	999	999
999	999	999	999	999	2.309	999	999	999
999	999	999	999	999	2.316	999	999	999
999	999	999	999	999	2.332	999	999	999
999	999	999	999	999	2.333	999	999	999
999	999	999	999	999	2.345	999	999	999
999	999	999	999	999	2.357	999	999	999
999	999	999	999	999	2.373	999	999	999
999	999	999	999	999	2.38	999	999	999
999	999	999	999	999	2.416	999	999	999
999	999	999	999	999	2.424	999	999	999
999	999	999	999	999	2.427	999	999	999
999	999	999	999	999	2.431	999	999	999
999	999	999	999	999	2.432	999	999	999
999	999	999	999	999	2.435	999	999	999
999	999	999	999	999	2.439	999	999	999
999	999	999	999	999	2.462	999	999	999
999	999	999	999	999	2.462	999	999	999
999	999	999	999	999	2.466	999	999	999
999	999	999	999	999	2.47	999	999	999
999	999	999	999	999	2.474	999	999	999
999	999	999	999	999	2.474	999	999	999
999	999	999	999	999	2.511	999	999	999
999	999	999	999	999	2.515	999	999	999
999	999	999	999	999	2.523	999	999	999
999	999	999	999	999	2.536	999	999	999
999	999	999	999	999	2.541	999	999	999
999	999	999	999	999	2.542	999	999	999
999	999	999	999	999	2.551	999	999	999
999	999	999	999	999	2.572	999	999	999
999	999	999	999	999	2.577	999	999	999
999	999	999	999	999	2.608	999	999	999
999	999	999	999	999	2.609	999	999	999
999	999	999	999	999	2.61	999	999	999
999	999	999	999	999	2.613	999	999	999
999	999	999	999	999	2.613	999	999	999
999	999	999	999	999	2.63	999	999	999
999	999	999	999	999	2.631	999	999	999
999	999	999	999	999	2.633	999	999	999
999	999	999	999	999	2.635	999	999	999
999	999	999	999	999	2.647	999	999	999
999	999	999	999	999	2.651	999	999	999
999	999	999	999	999	2.652	999	999	999
999	999	999	999	999	2.66	999	999	999
999	999	999	999	999	2.672	999	999	999
999	999	999	999	999	2.682	999	999	999
999	999	999	999	999	2.696	999	999	999
999	999	999	999	999	2.7	999	999	999
999	999	999	999	999	2.709	999	999	999
999	999	999	999	999	2.718	999	999	999
999	999	999	999	999	2.719	999	999	999
999	999	999	999	999	2.727	999	999	999
999	999	999	999	999	2.737	999	999	999
999	999	999	999	999	2.741	999	999	999
999	999	999	999	999	2.771	999	999	999
999	999	999	999	999	2.771	999	999	999
999	999	999	999	999	2.774	999	999	999
999	999	999	999	999	2.776	999	999	999
999	999	999	999	999	2.792	999	999	999
999	999	999	999	999	2.802	999	999	999
999	999	999	999	999	2.805	999	999	999
999	999	999	999	999	2.834	999	999	999
999	999	999	999	999	2.841	999	999	999
999	999	999	999	999	2.845	999	999	999
999	999	999	999	999	2.847	999	999	999
999	999	999	999	999	2.872	999	999	999
999	999	999	999	999	2.882	999	999	999
999	999	999	999	999	2.888	999	999	999
999	999	999	999	999	2.9	999	999	999
999	999	999	999	999	2.905	999	999	999
999	999	999	999	999	2.935	999	999	999
999	999	999	999	999	2.958	999	999	999
999	999	999	999	999	2.96	999	999	999
999	999	999	999	999	2.99	999	999	999
999	999	999	999	999	3.001	999	999	999
999	999	999	999	999	3.004	999	999	999
999	999	999	999	999	3.006	999	999	999
999	999	999	999	999	3.007	999	999	999
999	999	999	999	999	3.013	999	999	999
999	999	999	999	999	3.014	999	999	999
999	999	999	999	999	3.02	999	999	999
999	999	999	999	999	3.027	999	999	999
999	999	999	999	999	3.035	999	999	999
999	999	999	999	999	3.037	999	999	999
999	999	999	999	999	3.041	999	999	999
999	999	999	999	999	3.07	999	999	999
999	999	999	999	999	3.099	999	999	999
999	999	999	999	999	3.11	999	999	999
999	999	999	999	999	3.137	999	999	999
999	999	999	999	999	3.148	999	999	999
999	999	999	999	999	3.161	999	999	999
999	999	999	999	999	3.201	999	999	999
999	999	999	999	999	3.21	999	999	999
999	999	999	999	999	3.264	999	999	999
999	999	999	999	999	3.272	999	999	999
999	999	999	999	999	3.274	999	999	999
999	999	999	999	999	3.275	999	999	999
999	999	999	999	999	3.291	999	999	999
999	999	999	999	999	3.307	999	999	999
999	999	999	999	999	3.307	999	999	999
999	999	999	999	999	3.308	999	999	999
999	999	999	999	999	3.333	999	999	999
999	999	999	999	999	3.336	999	999	999
999	999	999	999	999	3.338	999	999	999
999	999	999	999	999	3.34	999	999	999
999	999	999	999	999	3.353	999	999	999
999	999	999	999	999	3.354	999	999	999
999	999	999	999	999	3.372	999	999	999
999	999	999	999	999	3.378	999	999	999
999	999	999	999	999	3.385	999	999	999
999	999	999	999	999	3.389	999	999	999
999	999	999	999	999	3.392	999	999	999
999	999	999	999	999	3.393	999	999	999
999	999	999	999	999	3.42	999	999	999
999	999	999	999	999	3.42	999	999	999
999	999	999	999	999	3.447	999	999	999
999	999	999	999	999	3.455	999	999	999
999	999	999	999	999	3.457	999	999	999
999	999	999	999	999	3.48	999	999	999
999	999	999	999	999	3.5	999	999	999
999	999	999	999	999	3.503	999	999	999
999	999	999	999	999	3.504	999	999	999
999	999	999	999	999	3.506	999	999	999
999	999	999	999	999	3.507	999	999	999
999	999	999	999	999	3.54	999	999	999
999	999	999	999	999	3.545	999	999	999
999	999	999	999	999	3.547	999	999	999
999	999	999	999	999	3.549	999	999	999
999	999	999	999	999	3.553	999	999	999
999	999	999	999	999	3.579	999	999	999
999	999	999	999	999	3.59	999	999	999
999	999	999	999	999	3.596	999	999	999
999	999	999	999	999	3.605	999	999	999
999	999	999	999	999	3.637	999	999	999
999	999	999	999	999	3.651	999	999	999
999	999	999	999	999	3.681	999	999	999
999	999	999	999	999	3.685	999	999	999
999	999	999	999	999	3.695	999	999	999
999	999	999	999	999	3.706	999	999	999
999	999	999	999	999	3.723	999	999	999
999	999	999	999	999	3.727	999	999	999
999	999	999	999	999	3.73	999	999	999
999	999	999	999	999	3.736	999	999	999
999	999	999	999	999	3.739	999	999	999
999	999	999	999	999	3.745	999	999	999
999	999	999	999	999	3.762	999	999	999
999	999	999	999	999	3.762	999	999	999
999	999	999	999	999	3.766	999	999	999
999	999	999	999	999	3.766	999	999	999
999	999	999	999	999	3.772	999	999	999
999	999	999	999	999	3.787	999	999	999
999	999	999	999	999	3.788	999	999	999
999	999	999	999	999	3.788	999	999	999
999	999	999	999	999	3.8	999	999	999
999	999	999	999	999	3.801	999	999	999
999	999	999	999	999	3.818	999	999	999
999	999	999	999	999	3.819	999	999	999
999	999	999	999	999	3.821	999	999	999
999	999	999	999	999	3.823	999	999	999
999	999	999	999	999	3.83	999	999	999
999	999	999	999	999	3.86	999	999	999
999	999	999	999	999	3.866	999	999	999
999	999	999	999	999	3.901	999	999	999
999	999	999	999	999	3.913	999	999	999
999	999	999	999	999	3.927	999	999	999
999	999	999	999	999	3.96	999	999	999
999	999	999	999	999	3.962	999	999	999
999	999	999	999	999	3.981	999	999	999
999	999	999	999	999	3.982	999	999	999
999	999	999	999	999	3.983	999	999	999
999	999	999	999	999	3.991	999	999	999
999	999	999	999	999	4.039	999	999	999
999	999	999	999	999	4.052	999	999	999
999	999	999	999	999	4.068	999	999	999
999	999	999	999	999	4.068	999	999	999
999	999	999	999	999	4.085	999	999	999
999	999	999	999	999	4.106	999	999	999
999	999	999	999	999	4.112	999	999	999
999	999	999	999	999	4.13	999	999	999
999	999	999	999	999	4.14	999	999	999
999	999	999	999	999	4.148	999	999	999
999	999	999	999	999	4.154	999	999	999
999	999	999	999	999	4.181	999	999	999
999	999	999	999	999	4.185	999	999	999
999	999	999	999	999	4.207	999	999	999
999	999	999	999	999	4.213	999	999	999
999	999	999	999	999	4.267	999	999	999
999	999	999	999	999	4.268	999	999	999
999	999	999	999	999	4.285	999	999	999
999	999	999	999	999	4.311	999	999	999
999	999	999	999	999	4.336	999	999	999
999	999	999	999	999	4.346	999	999	999
999	999	999	999	999	4.355	999	999	999
999	999	999	999	999	4.375	999	999	999
999	999	999	999	999	4.377	999	999	999
999	999	999	999	999	4.387	999	999	999
999	999	999	999	999	4.411	999	999	999
999	999	999	999	999	4.439	999	999	999
999	999	999	999	999	4.448	999	999	999
999	999	999	999	999	4.449	999	999	999
999	999	999	999	999	4.452	999	999	999
999	999	999	999	999	4.46	999	999	999
999	999	999	999	999	4.499	999	999	999
999	999	999	999	999	4.5	999	999	999
999	999	999	999	999	4.526	999	999	999
999	999	999	999	999	4.529	999	999	999
999	999	999	999	999	4.533	999	999	999
999	999	999	999	999	4.539	999	999	999
999	999	999	999	999	4.543	999	999	999
999	999	999	999	999	4.554	999	999	999
999	999	999	999	999	4.562	999	999	999
999	999	999	999	999	4.575	999	999	999
999	999	999	999	999	4.589	999	999	999
999	999	999	999	999	4.59	999	999	999
999	999	999	999	999	4.639	999	999	999
999	999	999	999	999	4.642	999	999	999
999	999	999	999	999	4.646	999	999	999
999	999	999	999	999	4.649	999	999	999
999	999	999	999	999	4.655	999	999	999
999	999	999	999	999	4.674	999	999	999
999	999	999	999	999	4.699	999	999	999
999	999	999	999	999	4.701	999	999	999
999	999	999	999	999	4.702	999	999	999
999	999	999	999	999	4.771	999	999	999
999	999	999	999	999	4.772	999	999	999
999	999	999	999	999	4.774	999	999	999
999	999	999	999	999	4.788	999	999	999
999	999	999	999	999	4.818	999	999	999
999	999	999	999	999	4.818	999	999	999
999	999	999	999	999	4.821	999	999	999
999	999	999	999	999	4.841	999	999	999
999	999	999	999	999	4.842	999	999	999
999	999	999	999	999	4.847	999	999	999
999	999	999	999	999	4.863	999	999	999
999	999	999	999	999	4.868	999	999	999
999	999	999	999	999	4.878	999	999	999
999	999	999	999	999	4.882	999	999	999
999	999	999	999	999	4.887	999	999	999
999	999	999	999	999	4.898	999	999	999
999	999	999	999	999	4.908	999	999	999
999	999	999	999	999	4.914	999	999	999
999	999	999	999	999	4.927	999	999	999
999	999	999	999	999	4.947	999	999	999
999	999	999	999	999	4.951	999	999	999
999	999	999	999	999	4.951	999	999	999
999	999	999	999	999	4.953	999	999	999
999	999	999	999	999	4.975	999	999	999
999	999	999	999	999	4.982	999	999	999
999	999	999	999	999	4.985	999	999	999
999	999	999	999	999	4.987	999	999	999
999	999	999	999	999	5.003	999	999	999
999	999	999	999	999	5.025	999	999	999
999	999	999	999	999	5.067	999	999	999
999	999	999	999	999	5.081	999	999	999
999	999	999	999	999	5.082	999	999	999
999	999	999	999	999	5.121	999	999	999
999	999	999	999	999	5.14	999	999	999
999	999	999	999	999	5.156	999	999	999
999	999	999	999	999	5.157	999	999	999
999	999	999	999	999	5.176	999	999	999
999	999	999	999	999	5.177	999	999	999
999	999	999	999	999	5.187	999	999	999
999	999	999	999	999	5.203	999	999	999
999	999	999	999	999	5.205	999	999	999
999	999	999	999	999	5.226	999	999	999
999	999	999	999	999	5.236	999	999	999
999	999	999	999	999	5.252	999	999	999
999	999	999	999	999	5.253	999	999	999
999	999	999	999	999	5.266	999	999	999
999	999	999	999	999	5.276	999	999	999
999	999	999	999	999	5.286	999	999	999
999	999	999	999	999	5.368	999	999	999
999	999	999	999	999	5.374	999	999	999
999	999	999	999	999	5.381	999	999	999
999	999	999	999	999	5.383	999	999	999
999	999	999	999	999	5.394	999	999	999
999	999	999	999	999	5.405	999	999	999
999	999	999	999	999	5.417	999	999	999
999	999	999	999	999	5.421	999	999	999
999	999	999	999	999	5.449	999	999	999
999	999	999	999	999	5.466	999	999	999
999	999	999	999	999	5.48	999	999	999
999	999	999	999	999	5.481	999	999	999
999	999	999	999	999	5.502	999	999	999
999	999	999	999	999	5.511	999	999	999
999	999	999	999	999	5.519	999	999	999
999	999	999	999	999	5.545	999	999	999
999	999	999	999	999	5.547	999	999	999
999	999	999	999	999	5.566	999	999	999
999	999	999	999	999	5.585	999	999	999
999	999	999	999	999	5.619	999	999	999
999	999	999	999	999	5.634	999	999	999
999	999	999	999	999	5.641	999	999	999
999	999	999	999	999	5.641	999	999	999
999	999	999	999	999	5.649	999	999	999
999	999	999	999	999	5.662	999	999	999
999	999	999	999	999	5.667	999	999	999
999	999	999	999	999	5.674	999	999	999
999	999	999	999	999	5.687	999	999	999
999	999	999	999	999	5.688	999	999	999
999	999	999	999	999	5.708	999	999	999
999	999	999	999	999	5.71	999	999	999
999	999	999	999	999	5.724	999	999	999
999	999	999	999	999	5.735	999	999	999
999	999	999	999	999	5.738	999	999	999
999	999	999	999	999	5.788	999	999	999
999	999	999	999	999	5.81	999	999	999
999	999	999	999	999	5.828	999	999	999
999	999	999	999	999	5.903	999	999	999
999	999	999	999	999	5.959	999	999	999
999	999	999	999	999	6.023	999	999	999
999	999	999	999	999	6.035	999	999	999
999	999	999	999	999	6.039	999	999	999
999	999	999	999	999	6.041	999	999	999
999	999	999	999	999	6.05	999	999	999
999	999	999	999	999	6.055	999	999	999
999	999	999	999	999	6.103	999	999	999
999	999	999	999	999	6.114	999	999	999
999	999	999	999	999	6.118	999	999	999
999	999	999	999	999	6.173	999	999	999
999	999	999	999	999	6.174	999	999	999
999	999	999	999	999	6.179	999	999	999
999	999	999	999	999	6.193	999	999	999
999	999	999	999	999	6.259	999	999	999
999	999	999	999	999	6.284	999	999	999
999	999	999	999	999	6.3	999	999	999
999	999	999	999	999	6.331	999	999	999
999	999	999	999	999	6.351	999	999	999
999	999	999	999	999	6.359	999	999	999
999	999	999	999	999	6.368	999	999	999
999	999	999	999	999	6.372	999	999	999
999	999	999	999	999	6.375	999	999	999
999	999	999	999	999	6.396	999	999	999
999	999	999	999	999	6.398	999	999	999
999	999	999	999	999	6.425	999	999	999
999	999	999	999	999	6.447	999	999	999
999	999	999	999	999	6.506	999	999	999
999	999	999	999	999	6.591	999	999	999
999	999	999	999	999	6.659	999	999	999
999	999	999	999	999	6.68	999	999	999
999	999	999	999	999	6.717	999	999	999
999	999	999	999	999	6.733	999	999	999
999	999	999	999	999	6.738	999	999	999
999	999	999	999	999	6.768	999	999	999
999	999	999	999	999	6.809	999	999	999
999	999	999	999	999	6.864	999	999	999
999	999	999	999	999	6.912	999	999	999
999	999	999	999	999	6.98	999	999	999
999	999	999	999	999	7.048	999	999	999
999	999	999	999	999	7.094	999	999	999
999	999	999	999	999	7.121	999	999	999
999	999	999	999	999	7.146	999	999	999
999	999	999	999	999	7.161	999	999	999
999	999	999	999	999	7.162	999	999	999
999	999	999	999	999	7.178	999	999	999
999	999	999	999	999	7.191	999	999	999
999	999	999	999	999	7.207	999	999	999
999	999	999	999	999	7.254	999	999	999
999	999	999	999	999	7.264	999	999	999
999	999	999	999	999	7.266	999	999	999
999	999	999	999	999	7.27	999	999	999
999	999	999	999	999	7.288	999	999	999
999	999	999	999	999	7.317	999	999	999
999	999	999	999	999	7.328	999	999	999
999	999	999	999	999	7.341	999	999	999
999	999	999	999	999	7.395	999	999	999
999	999	999	999	999	7.408	999	999	999
999	999	999	999	999	7.425	999	999	999
999	999	999	999	999	7.433	999	999	999
999	999	999	999	999	7.478	999	999	999
999	999	999	999	999	7.482	999	999	999
999	999	999	999	999	7.485	999	999	999
999	999	999	999	999	7.531	999	999	999
999	999	999	999	999	7.563	999	999	999
999	999	999	999	999	7.575	999	999	999
999	999	999	999	999	7.659	999	999	999
999	999	999	999	999	7.673	999	999	999
999	999	999	999	999	7.681	999	999	999
999	999	999	999	999	7.691	999	999	999
999	999	999	999	999	7.72	999	999	999
999	999	999	999	999	7.802	999	999	999
999	999	999	999	999	7.82	999	999	999
999	999	999	999	999	7.823	999	999	999
999	999	999	999	999	7.824	999	999	999
999	999	999	999	999	7.839	999	999	999
999	999	999	999	999	7.856	999	999	999
999	999	999	999	999	7.903	999	999	999
999	999	999	999	999	7.936	999	999	999
999	999	999	999	999	7.965	999	999	999
999	999	999	999	999	8	999	999	999
999	999	999	999	999	8.002	999	999	999
999	999	999	999	999	8.028	999	999	999
999	999	999	999	999	8.047	999	999	999
999	999	999	999	999	8.059	999	999	999
999	999	999	999	999	8.108	999	999	999
999	999	999	999	999	8.131	999	999	999
999	999	999	999	999	8.156	999	999	999
999	999	999	999	999	8.221	999	999	999
999	999	999	999	999	8.237	999	999	999
999	999	999	999	999	8.275	999	999	999
999	999	999	999	999	8.305	999	999	999
999	999	999	999	999	8.314	999	999	999
999	999	999	999	999	8.337	999	999	999
999	999	999	999	999	8.413	999	999	999
999	999	999	999	999	8.481	999	999	999
999	999	999	999	999	8.508	999	999	999
999	999	999	999	999	8.526	999	999	999
999	999	999	999	999	8.531	999	999	999
999	999	999	999	999	8.569	999	999	999
999	999	999	999	999	8.615	999	999	999
999	999	999	999	999	8.626	999	999	999
999	999	999	999	999	8.653	999	999	999
999	999	999	999	999	8.657	999	999	999
999	999	999	999	999	8.676	999	999	999
999	999	999	999	999	8.72	999	999	999
999	999	999	999	999	8.72	999	999	999
999	999	999	999	999	8.755	999	999	999
999	999	999	999	999	8.774	999	999	999
999	999	999	999	999	8.797	999	999	999
999	999	999	999	999	8.836	999	999	999
999	999	999	999	999	8.869	999	999	999
999	999	999	999	999	8.924	999	999	999
999	999	999	999	999	9.008	999	999	999
999	999	999	999	999	9.028	999	999	999
999	999	999	999	999	9.056	999	999	999
999	999	999	999	999	9.118	999	999	999
999	999	999	999	999	9.17	999	999	999
999	999	999	999	999	9.181	999	999	999
999	999	999	999	999	9.222	999	999	999
999	999	999	999	999	9.226	999	999	999
999	999	999	999	999	9.286	999	999	999
999	999	999	999	999	9.299	999	999	999
999	999	999	999	999	9.306	999	999	999
999	999	999	999	999	9.349	999	999	999
999	999	999	999	999	9.351	999	999	999
999	999	999	999	999	9.359	999	999	999
999	999	999	999	999	9.383	999	999	999
999	999	999	999	999	9.412	999	999	999
999	999	999	999	999	9.463	999	999	999
999	999	999	999	999	9.478	999	999	999
999	999	999	999	999	9.518	999	999	999
999	999	999	999	999	9.52	999	999	999
999	999	999	999	999	9.582	999	999	999
999	999	999	999	999	9.583	999	999	999
999	999	999	999	999	9.697	999	999	999
999	999	999	999	999	9.715	999	999	999
999	999	999	999	999	9.807	999	999	999
999	999	999	999	999	9.867	999	999	999
999	999	999	999	999	9.899	999	999	999
999	999	999	999	999	9.931	999	999	999
999	999	999	999	999	10.054	999	999	999
999	999	999	999	999	10.119	999	999	999
999	999	999	999	999	10.171	999	999	999
999	999	999	999	999	10.175	999	999	999
999	999	999	999	999	10.189	999	999	999
999	999	999	999	999	10.244	999	999	999
999	999	999	999	999	10.292	999	999	999
999	999	999	999	999	10.518	999	999	999
999	999	999	999	999	10.528	999	999	999
999	999	999	999	999	10.539	999	999	999
999	999	999	999	999	10.619	999	999	999
999	999	999	999	999	10.624	999	999	999
999	999	999	999	999	10.672	999	999	999
999	999	999	999	999	10.678	999	999	999
999	999	999	999	999	10.687	999	999	999
999	999	999	999	999	10.73	999	999	999
999	999	999	999	999	10.99	999	999	999
999	999	999	999	999	11	999	999	999
999	999	999	999	999	11.02	999	999	999
999	999	999	999	999	11.22	999	999	999
999	999	999	999	999	11.315	999	999	999
999	999	999	999	999	11.327	999	999	999
999	999	999	999	999	11.393	999	999	999
999	999	999	999	999	11.401	999	999	999
999	999	999	999	999	11.41	999	999	999
999	999	999	999	999	11.436	999	999	999
999	999	999	999	999	11.478	999	999	999
999	999	999	999	999	11.506	999	999	999
999	999	999	999	999	11.609	999	999	999
999	999	999	999	999	11.737	999	999	999
999	999	999	999	999	11.774	999	999	999
999	999	999	999	999	11.849	999	999	999
999	999	999	999	999	11.893	999	999	999
999	999	999	999	999	11.934	999	999	999
999	999	999	999	999	11.945	999	999	999
999	999	999	999	999	11.946	999	999	999
999	999	999	999	999	11.959	999	999	999
999	999	999	999	999	11.986	999	999	999
999	999	999	999	999	12.12	999	999	999
999	999	999	999	999	12.286	999	999	999
999	999	999	999	999	12.371	999	999	999
999	999	999	999	999	12.451	999	999	999
999	999	999	999	999	12.478	999	999	999
999	999	999	999	999	12.493	999	999	999
999	999	999	999	999	12.735	999	999	999
999	999	999	999	999	12.843	999	999	999
999	999	999	999	999	12.917	999	999	999
999	999	999	999	999	13.057	999	999	999
999	999	999	999	999	13.172	999	999	999
999	999	999	999	999	13.493	999	999	999
999	999	999	999	999	13.507	999	999	999
999	999	999	999	999	13.565	999	999	999
999	999	999	999	999	13.682	999	999	999
999	999	999	999	999	13.894	999	999	999
999	999	999	999	999	13.926	999	999	999
999	999	999	999	999	13.98	999	999	999
999	999	999	999	999	14.042	999	999	999
999	999	999	999	999	14.091	999	999	999
999	999	999	999	999	14.092	999	999	999
999	999	999	999	999	14.133	999	999	999
999	999	999	999	999	14.134	999	999	999
999	999	999	999	999	14.244	999	999	999
999	999	999	999	999	14.683	999	999	999
999	999	999	999	999	14.697	999	999	999
999	999	999	999	999	14.882	999	999	999
999	999	999	999	999	15.135	999	999	999
999	999	999	999	999	15.385	999	999	999
999	999	999	999	999	15.487	999	999	999
999	999	999	999	999	15.586	999	999	999
999	999	999	999	999	15.855	999	999	999
999	999	999	999	999	15.987	999	999	999
999	999	999	999	999	16.016	999	999	999
999	999	999	999	999	16.065	999	999	999
999	999	999	999	999	16.34	999	999	999
999	999	999	999	999	16.578	999	999	999
999	999	999	999	999	16.737	999	999	999
999	999	999	999	999	17.035	999	999	999
999	999	999	999	999	17.423	999	999	999
999	999	999	999	999	17.787	999	999	999
999	999	999	999	999	17.794	999	999	999
999	999	999	999	999	17.802	999	999	999
999	999	999	999	999	18.044	999	999	999
999	999	999	999	999	18.662	999	999	999
999	999	999	999	999	18.768	999	999	999
999	999	999	999	999	18.898	999	999	999
999	999	999	999	999	19.928	999	999	999
999	999	999	999	999	19.995	999	999	999
999	999	999	999	999	20.975	999	999	999
999	999	999	999	999	22.075	999	999	999
999	999	999	999	999	24.307	999	999	999
999	999	999	999	999	25.316	999	999	999
999	999	999	999	999	26.849	999	999	999
999	999	999	999	999	27.696	999	999	999
999	999	999	999	999	28.56	999	999	999
999	999	999	999	999	28.644	999	999	999
999	999	999	999	999	32.962	999	999	999
999	999	999	999	999	36.959	999	999	999
