Name		Type		ra1	ra2	ra3	dec		dec2	dec3	zhost	e_bv	logmass	logmass+ logmass- sfr sfr+ sfr-	ssfr ssfr+ ssfr-
980425  SN      19 35 03.12 -52 50 44.88 0.009 0.060  8.48 +0.40  0.11  0.113 +0.319  0.010 -9.43 +0.23  0.02
020903  SN      22 48 42.24 -20 46 09.12 0.251 0.030  8.65 +0.10  0.23  1.014 +0.465  0.188 -8.66 +0.41  0.19
030329A SN      10 44 49.99 +21 31 17.76 0.169 0.030  7.71 +0.03  0.08  0.086 +0.016  0.006 -8.79 +0.15  0.06
031203  SN      08 02 29.04 -39 51 11.88 0.105 0.937  8.50 +0.01  0.01 15.520 +0.844  0.318 -7.30 +0.02  0.01
050826  SN-less 05 51 01.58 -02 38 35.88 0.296 0.600  9.80 +0.06  0.11  1.923 +0.764  1.722 -9.61 +0.31  0.80
060218  SN      03 21 39.67 +16 52 01.92 0.033 0.150  7.48 +0.04  0.08  0.039 +0.015  0.011 -8.93 +0.27  0.19
060505  SN-less 22 07 03.43 -27 48 51.84 0.089 0.020  9.57 +0.02  0.06  0.766 +0.097  0.012 -9.69 +0.08  0.03
060614  SN-less 21 23 32.11 -53 01 36.12 0.126 0.020  7.91 +0.07  0.04  0.002 +0.015  0.002 10.52 +0.69  1.09
080517  SN-less 06 48 58.06 +50 44 05.64 0.089 0.110  9.80 +0.03  0.02  1.500 +0.096  0.249 -9.62 +0.03  0.07
100316D SN      07 10 30.53 -56 15 19.80 0.059 0.120  8.94 +0.03  0.08  0.762 +0.254  0.086 -9.10 +0.24  0.06
111225A SN-less 00 52 37.22 +51 34 19.5  0.297 0.229  7.42 +0.23  0.17  0.259 +0.086  0.094 -8.00 +0.31  0.42
120422A SN      09 07 38.42 +14 01 07.68 0.283 0.030  9.04 +0.03  0.03  1.219 +0.233  0.280 -9.01 +0.09  0.06
130702A SN      14 29 14.78 +15 46 26.40 0.145 0.040  7.68 +0.03  0.17  0.032 +0.012  0.017 -9.19 +0.26  0.33
150518A SN      15 36 48.27 +16 19 47.1  0.256 0.046  9.14 +0.08  0.05  1.086 +0.434  0.319 -9.12 +0.25  0.21
150818A SN      15 21 25.43 +68 20 33.0  0.282 0.021  8.67 +0.13  0.30  1.489 +0.906  0.611 -8.49 +0.51  0.35
161219B SN      06 06 51.43 -26 47 29.52 0.148 0.028  9.03 +0.07  0.14  0.228 +0.176  0.059 -9.79 +0.49  0.16
171205 SN      11 09 39.52 -12 35 18.34 0.037 0.045 10.11 +0.02  0.08  2.897 +0.158  0.261 -9.63 +0.03  0.02